{
"camera_angle_x":0.1369285110996632,
"camera_angle_y":0.24261244701021112,
"fl_x":5618.7290969899659,
"fl_y":5618.7290969899659,
"k1":0,
"k2":0,
"p1":0,
"p2":0,
"cx":360,
"cy":640,
"w":720,
"h":1280,
"aabb_scale":1,
"image_min":-16.8897858,
"image_max":16.9049149,
"frames":[{
"file_path":"train\\img0001.png",
"imgmask_file_path":"train\\img_mask0001.png",
"mask_file_path":"train\\mask0001.png",
"RIintegral_file_path":"train\\RIintergral0001.png",
"sharpness":295017.9836485277,
"transform_matrix":[[-1,
-0,
-0,
-0],
[-0,
-1,
-0,
-0],
[0,
-0,
-1,
-40000],
[0,
0,
0,
1]],
"UVROI":[103,
100,
515,
1081]
},
{
"file_path":"train\\img0002.png",
"imgmask_file_path":"train\\img_mask0002.png",
"mask_file_path":"train\\mask0002.png",
"RIintegral_file_path":"train\\RIintergral0002.png",
"sharpness":301333.0865462682,
"transform_matrix":[[-0.96592582628906831,
-0,
-0.25881904510252074,
-10352.761804100832],
[-0,
-1,
-0,
-0],
[0.25881904510252074,
-0,
-0.96592582628906831,
-38637.033051562736],
[0,
0,
0,
1]],
"UVROI":[68,
107,
604,
1067]
},
{
"file_path":"train\\img0003.png",
"imgmask_file_path":"train\\img_mask0003.png",
"mask_file_path":"train\\mask0003.png",
"RIintegral_file_path":"train\\RIintergral0003.png",
"sharpness":294913.37555219128,
"transform_matrix":[[-0.86602540378443871,
-0,
-0.49999999999999994,
-20000],
[-0,
-1,
-0,
-0],
[0.49999999999999994,
-0,
-0.86602540378443871,
-34641.016151377546],
[0,
0,
0,
1]],
"UVROI":[29,
115,
673,
1051]
},
{
"file_path":"train\\img0004.png",
"imgmask_file_path":"train\\img_mask0004.png",
"mask_file_path":"train\\mask0004.png",
"RIintegral_file_path":"train\\RIintergral0004.png",
"sharpness":287029.18998770777,
"transform_matrix":[[-0.70710678118654757,
-0,
-0.70710678118654746,
-28284.271247461904],
[-0,
-1,
-0,
-0],
[0.70710678118654746,
-0,
-0.70710678118654757,
-28284.2712474619],
[0,
0,
0,
1]],
"UVROI":[12,
124,
697,
1033]
},
{
"file_path":"train\\img0005.png",
"imgmask_file_path":"train\\img_mask0005.png",
"mask_file_path":"train\\mask0005.png",
"RIintegral_file_path":"train\\RIintergral0005.png",
"sharpness":293783.5101316002,
"transform_matrix":[[-0.50000000000000011,
-0,
-0.8660254037844386,
-34641.016151377546],
[-0,
-1,
-0,
-0],
[0.8660254037844386,
-0,
-0.50000000000000011,
-20000],
[0,
0,
0,
1]],
"UVROI":[19,
115,
673,
1051]
},
{
"file_path":"train\\img0006.png",
"imgmask_file_path":"train\\img_mask0006.png",
"mask_file_path":"train\\mask0006.png",
"RIintegral_file_path":"train\\RIintergral0006.png",
"sharpness":301619.24609967554,
"transform_matrix":[[-0.25881904510252074,
-0,
-0.96592582628906831,
-38637.033051562736],
[-0,
-1,
-0,
0],
[0.96592582628906831,
-0,
-0.25881904510252074,
-10352.761804100832],
[0,
0,
0,
1]],
"UVROI":[49,
107,
604,
1067]
},
{
"file_path":"train\\img0007.png",
"imgmask_file_path":"train\\img_mask0007.png",
"mask_file_path":"train\\mask0007.png",
"RIintegral_file_path":"train\\RIintergral0007.png",
"sharpness":295218.93192794867,
"transform_matrix":[[-6.123233995736766E-17,
-0,
-1,
-40000],
[-0,
-1,
-0,
-0],
[1,
-0,
-6.123233995736766E-17,
-4.0389678347315804E-28],
[0,
0,
0,
1]],
"UVROI":[103,
100,
515,
1081]
},
{
"file_path":"train\\img0008.png",
"imgmask_file_path":"train\\img_mask0008.png",
"mask_file_path":"train\\mask0008.png",
"RIintegral_file_path":"train\\RIintergral0008.png",
"sharpness":302098.75095769408,
"transform_matrix":[[0.25881904510252085,
-0,
-0.96592582628906831,
-38637.033051562743],
[-0,
-1,
-0,
0],
[0.96592582628906831,
-0,
0.25881904510252085,
10352.761804100832],
[0,
0,
0,
1]],
"UVROI":[68,
107,
604,
1067]
},
{
"file_path":"train\\img0009.png",
"imgmask_file_path":"train\\img_mask0009.png",
"mask_file_path":"train\\mask0009.png",
"RIintegral_file_path":"train\\RIintergral0009.png",
"sharpness":294306.63545766729,
"transform_matrix":[[0.49999999999999978,
-0,
-0.86602540378443871,
-34641.016151377538],
[-0,
-1,
-0,
-0],
[0.86602540378443871,
-0,
0.49999999999999978,
20000],
[0,
0,
0,
1]],
"UVROI":[29,
115,
673,
1051]
},
{
"file_path":"train\\img0010.png",
"imgmask_file_path":"train\\img_mask0010.png",
"mask_file_path":"train\\mask0010.png",
"RIintegral_file_path":"train\\RIintergral0010.png",
"sharpness":287115.48818909022,
"transform_matrix":[[0.70710678118654746,
-0,
-0.70710678118654757,
-28284.2712474619],
[-0,
-1,
-0,
-0],
[0.70710678118654757,
-0,
0.70710678118654746,
28284.271247461904],
[0,
0,
0,
1]],
"UVROI":[12,
124,
697,
1033]
},
{
"file_path":"train\\img0011.png",
"imgmask_file_path":"train\\img_mask0011.png",
"mask_file_path":"train\\mask0011.png",
"RIintegral_file_path":"train\\RIintergral0011.png",
"sharpness":295399.2442405863,
"transform_matrix":[[0.86602540378443871,
-0,
-0.49999999999999994,
-20000],
[-0,
-1,
-0,
0],
[0.49999999999999994,
-0,
0.86602540378443871,
34641.016151377546],
[0,
0,
0,
1]],
"UVROI":[19,
115,
673,
1051]
},
{
"file_path":"train\\img0012.png",
"imgmask_file_path":"train\\img_mask0012.png",
"mask_file_path":"train\\mask0012.png",
"RIintegral_file_path":"train\\RIintergral0012.png",
"sharpness":301494.32204788976,
"transform_matrix":[[0.9659258262890682,
-0,
-0.258819045102521,
-10352.76180410083],
[-0,
-1,
-0,
-0],
[0.258819045102521,
-0,
0.9659258262890682,
38637.033051562728],
[0,
0,
0,
1]],
"UVROI":[49,
107,
604,
1067]
}]
}